<?xml version="1.0"?>
<opencv_storage>
<CameraMatrix type_id="opencv-matrix">
  <rows>3</rows>
  <cols>3</cols>
  <dt>d</dt>
  <data>
    487.1380452401537 0. 326.04117764212583 0. 488.06691055215737
    223.16381970764206 0. 0. 1.</data></CameraMatrix>
<DistortionCoefficients type_id="opencv-matrix">
  <rows>1</rows>
  <cols>5</cols>
  <dt>d</dt>
  <data>
    -0.36757887193723654 0.21625085132611832 0.0013508351992953095
    0.00027238958798977807 -0.095746158582672936</data></DistortionCoefficients>
<RotationVectors type_id="opencv-matrix">
  <rows>3</rows>
  <cols>1</cols>
  <dt>d</dt>
  <data>
    -1.386745546314837 1.4262063149605715 1.0833821552542533</data></RotationVectors>
<TranslationVectors type_id="opencv-matrix">
  <rows>3</rows>
  <cols>1</cols>
  <dt>d</dt>
  <data>
    0.42048894609257548 1.2196243265899291 2.812226595278859</data></TranslationVectors>
<ReprojectionError>0.69114422038538847</ReprojectionError>
</opencv_storage>
