<?xml version="1.0"?>
<opencv_storage>
<CameraMatrix type_id="opencv-matrix">
  <rows>3</rows>
  <cols>3</cols>
  <dt>d</dt>
  <data>
    1541.6815673243184 0. 565.63024955740798 0. 7740.390719657973
    169.67409196910364 0. 0. 1.</data></CameraMatrix>
<DistortionCoefficients type_id="opencv-matrix">
  <rows>1</rows>
  <cols>5</cols>
  <dt>d</dt>
  <data>
    9.4310913103749776 -116.42168222293429 -0.023066071976927855
    0.3016934578130307 582.88678931496247</data></DistortionCoefficients>
<RotationVectors type_id="opencv-matrix">
  <rows>3</rows>
  <cols>1</cols>
  <dt>d</dt>
  <data>
    -1.3056511955434598 0.92650074728236453 1.0033956696868029</data></RotationVectors>
<TranslationVectors type_id="opencv-matrix">
  <rows>3</rows>
  <cols>1</cols>
  <dt>d</dt>
  <data>
    -2.8211020319483628 0.42182229478795175 15.348353012992078</data></TranslationVectors>
<ReprojectionError>7.3580923366647957</ReprojectionError>
</opencv_storage>
