<?xml version="1.0"?>
<opencv_storage>
<CameraMatrix type_id="opencv-matrix">
  <rows>3</rows>
  <cols>3</cols>
  <dt>d</dt>
  <data>
    516.28344260463246 0. 308.977376221106 0. 526.27429871795619
    232.37576821328517 0. 0. 1.</data></CameraMatrix>
<DistortionCoefficients type_id="opencv-matrix">
  <rows>1</rows>
  <cols>5</cols>
  <dt>d</dt>
  <data>
    -0.42974642434894361 0.88833548299832021 -0.0010108529958159226
    -0.0020692525573173964 -1.0877381622183442</data></DistortionCoefficients>
<RotationVectors type_id="opencv-matrix">
  <rows>3</rows>
  <cols>1</cols>
  <dt>d</dt>
  <data>
    1.0634527710995174 -0.21486433889665524 0.44873954753565121</data></RotationVectors>
<TranslationVectors type_id="opencv-matrix">
  <rows>3</rows>
  <cols>1</cols>
  <dt>d</dt>
  <data>
    0.47438193130572237 0.75859004280755182 5.3334355252831855</data></TranslationVectors>
<ReprojectionError>4.4952301108445498</ReprojectionError>
</opencv_storage>
