<?xml version="1.0"?>
<opencv_storage>
<CameraMatrix type_id="opencv-matrix">
  <rows>3</rows>
  <cols>3</cols>
  <dt>d</dt>
  <data>
    503.83606667248756 0. 327.79819980407569 0. 508.45299184785654
    244.67722634020396 0. 0. 1.</data></CameraMatrix>
<DistortionCoefficients type_id="opencv-matrix">
  <rows>1</rows>
  <cols>5</cols>
  <dt>d</dt>
  <data>
    -0.060457820040260742 -0.75309147098910956 -0.0072840385191435004
    -0.0047858022049222003 0.72149429377413177</data></DistortionCoefficients>
<RotationVectors type_id="opencv-matrix">
  <rows>3</rows>
  <cols>1</cols>
  <dt>d</dt>
  <data>
    0.96732282134459602 0.24453926022275099 -0.6335877363179313</data></RotationVectors>
<TranslationVectors type_id="opencv-matrix">
  <rows>3</rows>
  <cols>1</cols>
  <dt>d</dt>
  <data>
    -1.0134410825012046 1.203308165270994 5.4672709540587592</data></TranslationVectors>
<ReprojectionError>5.0840573268984155</ReprojectionError>
</opencv_storage>
